// Painel info de admin

1,83000,0,-1,10,5,130,160,0,4,0

12,83006,83000,-1,5,15,0,0,-1,0,-5601144,0,0,0
12,83004,83000,-1,5,32,0,0,-1,0,-5601144,0,0,0
12,83003,83000,-1,5,49,0,0,-1,0,-5601144,0,0,0
12,83005,83000,-1,5,66,0,0,-1,0,-5601144,0,0,0

12,83007,83000,-1,59,88,0,0,-1,0,-5601144,0,1,579
12,83008,83000,-1,59,113,0,0,-1,0,-5601144,0,1,580
12,83009,83000,-1,59,138,0,0,-1,0,-5601144,0,1,581

2,83010,83000,631,8,78,100,20,0,1,0
2,83011,83000,631,8,103,100,20,0,1,0
2,83012,83000,631,8,128,100,20,0,1,0

2,83002,83000,612,95,5,22,20,0,1,80

1,83001,83000,655,0,0,130,160,0,4,0
