1,82494,0,-1,216,223,368,154,0,4,0
2,82498,82494,612,170,0,28,28,16843009,1,51
2,82497,82494,-662,112,113,144,41,-1,1,0
12,82499,82494,-1,184,45,0,0,-5926270,0,16843009,0,1,601
12,82500,82494,-1,184,60,0,0,-5926270,0,16843009,0,1,602
12,82501,82494,-1,184,75,0,0,-5926270,0,16843009,0,1,603
12,82502,82494,-1,184,90,0,0,-5926270,0,16843009,0,1,0
1,82495,82494,-661,0,0,368,154,-1,4,0

1,10000,0,-1,100,100,250,70,0,4,0
12,10001,10000,-1,0,15,0,0,-5926270,0,16843009,0,0,0
12,10002,10000,-1,0,30,0,0,-5926270,0,16843009,0,0,0
12,10003,10000,-1,0,45,0,0,-5926270,0,16843009,0,0,0
12,10004,10000,-1,0,60,0,0,-5926270,0,16843009,0,0,0
12,10005,10000,-1,0,75,0,0,-5926270,0,16843009,0,0,0
12,10006,10000,-1,130,15,0,0,-5926270,0,16843009,0,0,0
12,10007,10000,-1,130,30,0,0,-5926270,0,16843009,0,0,0
12,10008,10000,-1,130,45,0,0,-5926270,0,16843009,0,0,0
12,10009,10000,-1,130,60,0,0,-5926270,0,16843009,0,0,0
12,10010,10000,-1,130,75,0,0,-5926270,0,16843009,0,0,0
1,10011,10000,585,0,0,240,90,0,4,0

1,90200,0,-1,0,50,308,158,0,4,0
1,65537,90200,588,0,0,308,158,-1,4,0
1,90201,65537,-1,20,-18,308,158,0,4,0
2,65538,65537,-2,93,120,121,39,0,1,0
2,65539,65537,-2,800,225,50,23,0,1,2
12,65540,65537,-1,81,13,0,16,-3359574,0,-5601144,0,1,3
12,65541,65537,-1,233,13,0,16,-3359574,0,-5601144,0,1,4
6,65542,90201,-1,10,6,35,66,80,180,0,4,1,0
6,65543,90201,-2,10,6,145,66,80,180,0,4,1,0
2,65544,90201,689,250,70,10,10,0,4,0
2,65545,90201,689,250,97,10,10,0,4,0
1,90202,0,-1,-400,-300,136,39,-1,4,0
1,65870,90202,-1,0,0,0,0,-1,4,1
13,65871,65870,-2,285,334,230,29,-1,1,0,0,1,12,0,1994382848,1268,0,0,0,2025708,253174648,4096,0,1994383079,-1990507044,2025940,1268,2130567168,0,2025800,0,2254,2025684,4,2025796,1994551920,-5822904,-2,1994383079,1978285767,1268,253174648,4096,2025940,1978285772,-1990507081
13,65872,65870,-2,285,391,230,29,-1,1,0,0,1,12,1,1994382848,1268,0,0,0,2025708,253174648,4096,0,1994383079,-1990507044,2025940,1268,2130567168,0,2025800,0,2254,2025684,4,2025796,1994551920,-5822904,-2,1994383079,1978285767,1268,253174648,4096,2025940,1978285772,-1990507081
12,0,65870,-1,290,343,0,13,-4937836,0,-5601144,0,0,8
12,0,65870,-1,290,398,0,13,-4937836,0,-5601144,0,0,9
1,0,65870,585,285,334,230,29,-1,4,0
1,0,65870,585,285,389,230,29,-1,4,0
2,90203,65870,-2,359,452,80,15,0,1,0
1,90204,65870,587,359,452,15,15,-1,4,0
1,0,65870,586,332,481,136,39,-1,4,0
2,65873,65870,-2,332,481,136,39,0,1,0
1,22224,65870,-1,0,25,708,295,0,4,0
12,0,22224,-1,580,559,0,0,-4937836,0,-5601144,0,0,6
2,65875,22224,-2,305,394,80,20,0,1,7
2,65879,22224,-2,425,394,80,20,0,1,600
2,65874,22224,-2,570,552,80,20,0,1,0
12,65876,65870,-1,375,457,0,0,-4937836,0,-5601144,0,0,444
12,65877,65870,-1,57,50,50,16,-1,0,-5601144,0,0,0
12,65878,65870,-1,57,72,50,16,-1,0,-5601144,0,0,0
1,311,0,-12,0,0,0,0,-1,4,0
1,312,0,-13,0,0,0,0,-1,4,0
12,769,0,-1,240,580,300,16,-1,0,-5601144,0,0,0
1,22222,0,-1,47,19,708,295,0,4,0
1,0,22222,-13,0,0,708,316,-1,4,0
1,0,22222,-13,0,0,708,316,-1,4,0
1,0,22222,-13,0,0,708,316,-1,4,0
1,22223,0,-12,0,0,800,600,-1,4,0
