// Senha numérica
1,66432,0,-524,0,0,314,228,0,4,1
2,66433,66432,-2,36,184,70,21,-1,1,50
2,66434,66432,-2,128,184,70,21,-1,1,51
2,66435,66432,-2,218,184,70,21,-1,1,237
2,66437,66432,-2,32,75,40,35,-1,1,51
2,66438,66432,-2,86,75,40,35,-1,1,51
2,66439,66432,-2,139,75,40,35,-1,1,51
2,66440,66432,-2,191,75,40,35,-1,1,51
2,66441,66432,-2,241,75,40,35,-1,1,51
2,66442,66432,-2,32,121,40,35,-1,1,51
2,66443,66432,-2,86,121,40,35,-1,1,51
2,66444,66432,-2,139,121,40,35,-1,1,51
2,66445,66432,-2,191,121,40,35,-1,1,51
2,66446,66432,-2,241,121,40,35,-1,1,51
12,66447,66432,-1,73,16,160,16,-1,0,-1,0,1,236
1,66436,66432,-524,0,0,314,228,-1,4,0
1,0,66432,-2,-800,-600,1600,1200,1996488704,4,0
1,0,66432,-2,-800,-600,1600,1200,1996488704,4,0
1,0,66432,-2,-800,-600,1600,1200,1996488704,4,0

1,65885,0,-1,0,0,257,136,0,4,1
2,65886,65885,-2,33,104,70,21,-1,1,50
2,65887,65885,-2,155,104,70,21,-1,1,51
12,65888,65885,-1,65,28,33,16,-1,0,-1,0,0,52
13,65889,65885,-2,67,57,102,16,-1,1,0,0,0,10,1,-858993664,-858993460,-858993460,-858993460,-858993460,-858993460,-858993460,-858993460,-858993460,-858993460,-858993460,-858993460,-858993460,-858993460,-858993460,-858993460,-858993460,-858993460,-858993460,-858993460,-858993460,-858993460,-858993460,-858993460,-858993460,-858993460,-858993460,-858993460,-858993460,-858993460,-858993460,-858993460
1,65890,65885,-506,0,0,257,136,-1,4,0

// Painel Informacoes char

1,1282,0,-1,855,135,270,370,0,4,1
12,5680,1282,2,58,28,0,0,-2045242,0,-5601144,0,0,16


12,5643,1282,8,5,60,0,0,-7306381,0,-5601144,0,0,26
12,1314,1282,8,180,60,0,0,-7306381,0,-5601144,0,2,0


12,5652,1282,8,5,77,0,0,-7306381,0,-5601144,0,0,24
12,1312,1282,8,154,77,0,0,-7306381,0,-5601144,0,2,36

12,5653,1282,8,5,94,0,0,-7306381,0,-5601144,0,0,27
12,1296,1282,8,180,94,0,0,-7306381,0,-5601144,0,2,37

12,5642,1282,8,5,111,0,0,-7306381,0,-5601144,0,0,25
12,1313,1282,8,180,111,0,0,-7306381,0,-5601144,0,2,0

12,5683,1282,8,5,128,0,0,-7306381,0,-5601144,0,0,19
12,5684,1282,8,180,128,0,0,-7306381,0,-5601144,0,2,20

12,5681,1282,8,100,150,0,0,-2045242,0,-5601144,0,1,17
12,5644,1282,8,5,170,0,0,-7306381,0,-5601144,0,0,28
12,5645,1282,8,5,187,0,0,-7306381,0,-5601144,0,0,29
12,5646,1282,8,5,204,0,0,-7306381,0,-5601144,0,0,30
12,5647,1282,8,5,221,0,0,-7306381,0,-5601144,0,0,31
12,1316,1282,8,180,170,0,0,-7306381,0,-5601144,0,2,0
12,1317,1282,8,180,187,0,0,-7306381,0,-5601144,0,2,0
12,1318,1282,8,180,204,0,0,-7306381,0,-5601144,0,2,0
12,1319,1282,8,180,221,0,0,-7306381,0,-5601144,0,2,0


12,5682,1282,8,100,243,0,0,-2045242,0,-5601144,0,1,18
12,5648,1282,8,5,263,0,0,-7306381,0,-5601144,0,0,32
12,5649,1282,8,5,280,0,0,-7306381,0,-5601144,0,0,33
12,5650,1282,8,5,297,0,0,-7306381,0,-5601144,0,0,34
12,5651,1282,8,5,314,0,0,-7306381,0,-5601144,0,0,35
12,1321,1282,8,180,263,0,0,-7306381,0,-5601144,0,2,0
12,1322,1282,8,180,280,0,0,-7306381,0,-5601144,0,2,0
12,1323,1282,8,180,297,0,0,-7306381,0,-5601144,0,2,0
12,1324,1282,8,180,314,0,0,-7306381,0,-5601144,0,2,0

1,1283,1282,-179,0,0,270,370,-1,4,0



1,1568,0,-1,272,200,256,136,0,4,1
2,628,1568,-2,36,104,70,21,-1,1,209
2,629,1568,-2,155,104,70,21,-1,1,210
12,1572,1568,-1,104,28,33,16,-1,0,-1,0,1,38
13,1569,1568,-2,67,52,102,16,-1,1,0,0,0,12,0,-858993664,-858993460,-858993460,-858993460,-858993460,-858993460,-858993460,-858993460,-858993460,-858993460,-858993460,-858993460,-858993460,-858993460,-858993460,-858993460,-858993460,-858993460,-858993460,-858993460,-858993460,-858993460,-858993460,-858993460,-858993460,-858993460,-858993460,-858993460,-858993460,-858993460,-858993460,-858993460
1,631,1568,-506,0,0,256,136,-1,4,0






// Painel info criar char


1,1542,0,-1,0,0,250,393,0,4,1
12,5661,1542,8,125,12,0,0,-4607061,0,-5601144,0,1,41

12,5662,1542,-1,15,37,0,0,-6778493,0,-5601144,0,0,42
12,5666,1542,-1,85,37,0,0,-6778493,0,-5601144,0,0,0

12,5663,1542,-1,125,59,0,0,-595257,0,-5601144,0,1,43
12,5657,1542,-1,15,75,0,0,-6778493,0,-5601144,0,0,46
12,5658,1542,-1,15,91,0,0,-6778493,0,-5601144,0,0,47
12,5659,1542,-1,15,107,0,0,-6778493,0,-5601144,0,0,48
12,5660,1542,-1,15,123,0,0,-6778493,0,-5601144,0,0,49
1,5667,1542,-182,75,70,130,11,-1,4,0
1,5668,1542,-182,75,86,130,11,-1,4,0
1,5669,1542,-182,75,102,130,11,-1,4,0
1,5670,1542,-182,75,118,130,11,-1,4,0
12,1562,1542,-1,220,75,0,0,-6778493,0,-5601144,0,0,0
12,1563,1542,-1,220,91,0,0,-6778493,0,-5601144,0,0,0
12,1564,1542,-1,220,107,0,0,-6778493,0,-5601144,0,0,0
12,1565,1542,-1,220,123,0,0,-6778493,0,-5601144,0,0,0

12,5664,1542,-1,125,147,0,0,-595257,0,-5601144,0,1,44
6,5671,1542,-1,10,10,16,157,240,153,0,4,0,0

12,5665,1542,-1,15,338,0,0,-6778493,0,-5601144,0,0,45

13,4626,1542,-2,100,330,180,16,-1,1,0,0,0,12,0,-858993664,-858993460,-858993460,-858993460,-858993460,-858993460,-858993460,-858993460,-858993460,-858993460,-858993460,-858993460,-858993460,-858993460,-858993460,-858993460,-858993460,-858993460,-858993460,-858993460,-858993460,-858993460,-858993460,-858993460,-858993460,-858993460,-858993460,-858993460,-858993460,-858993460,-858993460,-858993460








2,1545,1542,-2,34,363,88,23,16843009,1,39
2,1552,1542,-2,136,363,88,23,-1,1,40

1,1543,1542,-181,0,0,250,393,-1,4,0











1,66128,0,-506,0,0,257,136,0,4,1
2,66129,66128,-2,33,104,70,21,-1,1,50
2,66130,66128,-2,155,104,70,21,-1,1,51
12,66131,66128,-1,55,8,33,16,-1,0,-1,0,0,236
13,66132,66128,-2,67,57,102,16,-1,1,0,0,0,16,0,-858993664,-858993460,-858993460,-858993460,-858993460,-858993460,-858993460,-858993460,-858993460,-858993460,-858993460,-858993460,-858993460,-858993460,-858993460,-858993460,-858993460,-858993460,-858993460,-858993460,-858993460,-858993460,-858993460,-858993460,-858993460,-858993460,-858993460,-858993460,-858993460,-858993460,-858993460,-858993460
1,66133,66128,-506,0,0,257,136,-1,4,0



// Coisas novas

1,10000,0,-1,10,80,220,421,0,4,0
12,10002,10000,2,110,17,0,0,-463135,0,-1,0,1,615
12,0,10000,9,110,412,0,0,-463135,0,-1,0,1,617

2,4612,10000,-740,41,392,137,49,-1,1,0
1,0,10000,-740,41,392,137,49,-1,4,0

1,10003,10000,-1,8,53,0,0,0,4,0
1,10009,10003,-742,12,12,49,49,-1,4,0
1,10004,10003,-741,-8,-8,89,89,-1,4,0
12,10005,10003,7,68,14,0,0,-463135,0,-1,0,0,616
12,10006,10003,8,68,30,0,0,-5659748,0,-1,0,0,612
12,10007,10003,8,68,44,0,0,-5659748,0,-1,0,0,22
12,10008,10003,8,68,58,0,0,-5659748,0,-1,0,0,23
2,10010,10003,-737,0,0,204,72,-1,1,0
1,0,10003,-737,0,0,204,72,-1,4,0

1,10013,10000,-1,8,134,0,0,0,4,0
1,10019,10013,-742,12,12,49,49,-1,4,0
1,10014,10013,-741,-8,-8,89,89,-1,4,0
12,10015,10013,7,68,14,0,0,-463135,0,-1,0,0,616
12,10016,10013,8,68,30,0,0,-5659748,0,-1,0,0,612
12,10017,10013,8,68,44,0,0,-5659748,0,-1,0,0,22
12,10018,10013,8,68,58,0,0,-5659748,0,-1,0,0,23
2,10020,10013,-737,0,0,204,72,-1,1,0
1,0,10013,-737,0,0,204,72,-1,4,0

1,10023,10000,-1,8,215,0,0,0,4,0
1,10029,10023,-742,12,12,49,49,-1,4,0
1,10024,10023,-741,-8,-8,89,89,-1,4,0
12,10025,10023,7,68,14,0,0,-463135,0,-1,0,0,616
12,10026,10023,8,68,30,0,0,-5659748,0,-1,0,0,612
12,10027,10023,8,68,44,0,0,-5659748,0,-1,0,0,22
12,10028,10023,8,68,58,0,0,-5659748,0,-1,0,0,23
2,10030,10023,-737,0,0,204,72,-1,1,0
1,0,10023,-737,0,0,204,72,-1,4,0

1,10033,10000,-1,8,296,0,0,0,4,0
1,10039,10033,-742,12,12,49,49,-1,4,0
1,10034,10033,-741,-8,-8,89,89,-1,4,0
12,10035,10033,7,68,14,0,0,-463135,0,-1,0,0,616
12,10036,10033,8,68,30,0,0,-5659748,0,-1,0,0,612
12,10037,10033,8,68,44,0,0,-5659748,0,-1,0,0,22
12,10038,10033,8,68,58,0,0,-5659748,0,-1,0,0,23
2,10040,10033,-737,0,0,204,72,-1,1,0
1,0,10033,-737,0,0,204,72,-1,4,0

// CRIAR CHAR

1,5654,10000,-1,8,53,0,0,0,4,0
12,0,5654,10,68,14,0,0,-6054505,0,-1,0,0,618
2,4613,5654,-739,0,0,204,26,-1,1,0
1,0,5654,-739,0,0,204,26,-1,4,0
1,0,5654,-739,0,0,204,26,-1,4,0


1,0,10000,-736,0,0,220,421,-1,4,0
1,10001,10000,-736,0,0,220,421,-1,4,0


// Voltar

1,5672,0,-1,950,550,100,36,0,4,0
12,0,5672,4,50,18,0,0,-463135,0,-1,0,1,619
2,5673,5672,-740,0,0,100,36,-1,1,0


// Apagar

1,5674,0,-1,850,550,100,36,0,4,0
12,0,5674,4,50,18,0,0,-463135,0,-1,0,1,620
2,4615,5674,-740,0,0,100,36,-1,1,0


// Nao Usados (Deletar do código)
1,5655,0,-1,500,560,86,21,0,4,0
2,4616,0,-2,2600,560,60,21,16843009,1,12

