1 1 1 2280.96.5.0.0.0.0
1 2 1 2280.96.5.0.0.0.0
1 3 1 2280.96.5.0.0.0.0
1 4 1 5409.61.5.0.0.0.0
1 5 1 5440.0.0.0.0.0.0
1 6 1 3396.96.235.96.3.0.0
1 7 1 3396.96.195.96.11.0.0
1 8 1 3396.96.155.96.19.0.0
1 9 1 2280.96.10.0.0.0.0
1 10 5 2280.96.10.0.0.0.0
[Name] Bau de Teste 1

2 1 1 4140.61.3.0.0.0.0
2 2 1 4011.0.0.0.0.0.0
2 3 1 4011.0.0.0.0.0.0
2 4 1 3393.0.0.0.0.0.0
2 5 1 3396.96.235.96.3.0.0
2 6 1 3396.96.235.96.3.0.0
[Name] Bau de Teste 2

4 1 1 640.0.0.0.0.0.0
4 2 1 641.0.0.0.0.0.0
4 3 1 642.0.0.0.0.0.0
4 4 1 643.0.0.0.0.0.0
5 1 15 555.60.16.0.0.0.0
5 2 15 555.60.20.0.0.0.0
5 3 15 555.60.24.0.0.0.0
5 4 5 555.60.28.0.0.0.0
5 5 15 555.2.72.0.0.0.0
5 6 15 555.2.81.0.0.0.0
5 7 15 555.2.90.0.0.0.0
5 8 5 555.2.99.0.0.0.0
6 1 15 633.43.9.69.4.69.4
6 2 15 633.43.9.70.4.70.4
6 3 15 633.43.9.71.20.71.20
6 4 9 633.43.9.69.6.69.6
6 5 9 633.43.9.70.6.70.6
6 6 9 633.43.9.71.30.71.30
6 7 8 633.43.9.69.8.69.8
6 8 8 633.43.9.70.8.70.8
6 9 8 633.43.9.71.40.71.40
6 10 4 5380.96.7.0.0.0.0
7 1 30 633.43.9.69.10.69.10
7 2 20 633.43.9.70.10.70.10
7 3 20 633.43.9.71.50.71.50
7 4 20 633.43.9.70.10.69.10
7 5 10 633.43.9.3.100.54.10
8 1 100 413.0.0.0.0.0.0
8 2 100 413.43.1.0.0.0.0
8 3 100 413.43.2.0.0.0.0
9 1 30 4028.0.0.0.0.0.0
9 2 20 413.61.3.0.0.0.0
9 3 10 413.61.5.0.0.0.0
9 4 10 3980.106.3.0.0.0.0
9 5 5 3314.0.0.0.0.0.0
9 6 5 3327.0.0.0.0.0.0
9 7 5 3915.106.0.107.1.108.1
9 8 4 3916.106.0.107.1.108.1
9 9 1 5380.96.10.0.0.0.0
10 1 40 4010.0.0.0.0.0.0
10 2 10 3206.0.0.0.0.0.0
10 3 10 3209.0.0.0.0.0.0
10 4 10 3208.0.0.0.0.0.0
10 5 10 4140.0.0.0.0.0.0
10 6 5 3379.0.0.0.0.0.0
10 7 5 772.0.0.0.0.0.0
10 8 4 633.0.0.0.0.0.0
10 9 4 4605.0.0.0.0.0.0
10 10 2 3338.0.0.0.0.0.0
11 1 20 2419.61.3.0.0.0.0
11 2 20 2419.61.3.0.0.0.0
11 3 20 2419.61.4.0.0.0.0
11 4 20 2419.61.5.0.0.0.0
11 5 3 2329.78.8.0.0.0.0
12 1 0 3207.61.5.0.0.0.0
12 2 0 3202.61.5.0.0.0.0
12 3 0 3203.61.5.0.0.0.0 
12 4 0 415.61.5.0.0.0.0
12 5 0 3393.0.0.0.0.0.0
12 6 0 4203.96.3.0.0.4.8
12 7 0 5525.96.6.61.3.0.0
18 1 1 3338.43.5.0.0.0.0
18 2 1 3338.43.6.0.0.0.0
18 3 1 3338.43.7.0.0.0.0
18 4 1 3338.43.8.0.0.0.0
18 5 5 3338.43.9.0.0.0.0
19 1 25 3725.43.230.60.36.0.0
19 2 25 3721.43.230.60.36.0.0
19 3 25 3681.43.230.2.81.0.0
19 4 25 3781.43.230.2.81.0.0
19 5 25 3641.43.230.2.81.0.0
19 6 5 3725.43.230.60.40.0.0
19 7 5 3721.43.230.60.40.0.0
19 8 5 3681.43.230.2.90.0.0
19 9 5 3781.43.230.2.90.0.0
19 10 5 3641.43.230.2.90.0.0
19 11 1 3725.43.230.60.44.0.0
19 12 1 3731.43.230.60.44.0.0
19 13 1 3681.43.230.2.99.0.0
19 14 1 3781.43.230.2.99.0.0
19 15 1 3641.43.230.2.99.0.0
20 1 25 3661.43.230.60.36.0.0
20 2 25 3601.43.230.2.81.0.0
20 3 25 3621.43.230.2.81.0.0
20 4 25 3701.43.230.2.81.0.0
20 5 25 3761.43.230.2.81.0.0
20 6 5 3661.43.230.60.40.0.0
20 7 5 3601.43.230.2.90.0.0
20 8 5 3621.43.230.2.90.0.0
20 9 5 3701.43.230.2.90.0.0
20 10 5 3761.43.230.2.90.0.0
20 11 1 3661.43.230.60.44.0.0
20 12 1 3601.43.230.2.99.0.0
20 13 1 3621.43.230.2.99.0.0
20 14 1 3701.43.230.2.99.0.0
20 15 1 3761.43.230.2.99.0.0
21 1 35 1226.43.230.2.30.71.70
21 2 35 1227.43.230.2.30.71.70
21 3 35 1228.43.230.54.18.72.30
21 4 35 1229.43.230.73.30.74.18
21 5 20 1226.43.230.2.30.71.80
21 6 20 1227.43.230.2.30.71.80
21 7 10 1226.43.230.2.42.71.80
21 8 10 1227.43.230.2.42.71.80
21 9 20 1226.43.230.60.10.3.30
21 10 20 1227.43.230.60.10.3.30
21 11 5 1226.43.230.60.12.3.35
21 12 5 1227.43.230.60.12.3.35
21 13 1 1226.43.230.60.14.3.40
21 14 1 1227.43.230.60.14.3.40
21 15 1 1226.43.230.2.42.71.90
21 16 1 1227.43.230.2.42.71.90
21 17 1 1228.43.230.54.18.72.70
21 18 1 1229.43.230.73.42.74.18
22 1 45 1661.43.230.2.30.71.70
22 2 45 1662.43.230.2.30.71.70
22 3 45 1663.43.230.54.18.72.30
22 4 45 1664.43.230.73.30.74.18
22 5 10 1661.43.230.2.36.71.70
22 6 10 1662.43.230.2.36.71.70
22 7 10 1663.43.230.54.18.72.40
22 8 10 1664.43.230.73.36.74.18
22 9 5 1661.43.230.2.30.71.80
22 10 5 1662.43.230.2.30.71.80
22 11 1 1661.43.230.2.42.71.90
22 12 1 1662.43.230.2.42.71.90
22 13 1 1663.43.230.54.18.72.70
22 24 1 1664.43.230.73.42.74.18
23 1 35 1361.43.230.2.30.71.70
23 2 35 1362.43.230.2.30.71.70
23 3 35 1363.43.230.54.18.72.30
23 4 35 1364.43.230.73.30.74.18
23 5 20 1361.43.230.2.30.71.80
23 6 20 1362.43.230.2.30.71.80
23 7 10 1361.43.230.2.42.71.80
23 8 10 1362.43.230.2.42.71.80
23 9 20 1361.43.230.60.10.3.30
23 10 20 1362.43.230.60.10.3.30
23 11 5 1361.43.230.60.12.3.35
23 12 5 1362.43.230.60.12.3.35
23 13 1 1361.43.230.60.14.3.40
23 14 1 1362.43.230.60.14.3.40
23 15 1 1361.43.230.2.42.71.90
23 16 1 1362.43.230.2.42.71.90
23 17 1 1363.43.230.54.18.72.70
23 18 1 1364.43.230.73.42.74.18
24 1 35 1511.43.230.2.30.71.70
24 2 35 1512.43.230.2.30.71.70
24 3 35 1513.43.230.54.18.72.30
24 4 35 1514.43.230.73.30.74.18
24 5 20 1511.43.230.2.30.71.80
24 6 20 1512.43.230.2.30.71.80
24 7 10 1511.43.230.2.42.71.80
24 8 10 1512.43.230.2.42.71.80
24 9 20 1511.43.230.60.10.3.30
24 10 20 1512.43.230.60.10.3.30
24 11 5 1511.43.230.60.12.3.35
24 12 5 1512.43.230.60.12.3.35
24 13 1 1511.43.230.60.14.3.40
24 14 1 1512.43.230.60.14.3.40
24 15 1 1511.43.230.2.42.71.90
24 16 1 1512.43.230.2.42.71.90
24 17 1 1513.43.230.54.18.72.70
24 18 1 1514.43.230.73.42.74.18