#ItemStruct Chance Mensagem Raridade SuperBau EvoluirBarra

[Caixa] 1

Status 1
SuperDrop 1
KeyId 0
ShowSlots 2.3.13.1.5.22.28.20.-1.-2.-3

413.0.0.0.0.0.0 500 0 1 0 1
4026.0.0.0.0.0.0 500 0 1 0 1
4027.0.0.0.0.0.0 500 0 1 0 1
647.0.0.0.0.0.0 500 0 1 0 1
412.0.0.0.0.0.0 500 0 1 0 1
5411.0.0.0.0.0.0 500 0 1 0 1
3330.61.3.0.0.0.0 390 0 1 0 1
3327.97.1.0.0.0.0 390 0 1 0 1
3330.61.3.0.0.0.0 290 0 1 0 0
4010.0.0.0.0.0.0 320 0 2 0 0
3182.61.2.0.0.0.0 250 0 2 0 0
777.61.5.0.0.0.0 480 0 2 0 0
4127.0.0.0.0.0.0 50 1 3 1 0
3140.0.0.0.0.0.0 90 0 2 0 0
5382.96.6.0.0.0.0 30 1 3 1 0
4097.61.20.0.0.0.0 60 0 2 0 0
5135.0.0.0.0.0.0 60 0 2 0 0
3393.0.0.0.0.0.0 15 1 3 1 0
2396.0.0.0.0.0.0 20 1 3 1 0
2401.0.0.0.0.0.0 20 1 3 1 0
2396.61.2.0.0.0.0 6 1 4 1 0
2401.61.2.0.0.0.0 6 1 4 1 0
2326.78.6.0.0.0.0 1 1 4 1 0
2306.78.6.0.0.0.0 1 1 4 1 0
2311.78.6.0.0.0.0 1 1 4 1 0
640.0.0.0.0.0.0 5 1 4 1 0
641.0.0.0.0.0.0 5 1 4 1 0
642.0.0.0.0.0.0 5 1 4 1 0
643.0.0.0.0.0.0 5 1 4 1 0
3473.0.0.0.0.0.0 1 1 4 1 0
2418.61.3.0.0.0.0 5 1 5 1 0
2417.61.3.0.0.0.0 5 1 5 1 0
2328.78.6.0.0.0.0 1 1 5 1 0
2327.78.6.0.0.0.0 1 1 5 1 0

[Caixa] 2

Status 1
SuperDrop 0
KeyId 1
ShowSlots 1.2.3.4.5.6.7.8.9.10.0

4850.96.2.0.0.0.0 1 0 2 0 0
4851.96.2.0.0.0.0 1 0 2 0 0
4852.96.2.0.0.0.0 1 0 2 0 0
4853.96.2.0.0.0.0 1 0 2 0 0
4854.96.2.0.0.0.0 1 0 2 0 0
4855.96.2.0.0.0.0 1 0 2 0 0
4856.96.2.0.0.0.0 1 0 2 0 0
4857.96.2.0.0.0.0 1 0 2 0 0
4858.96.2.0.0.0.0 1 0 2 0 0
4859.96.2.0.0.0.0 1 0 2 0 0

[Caixa] 3

Status 1
SuperDrop 0
KeyId 2
ShowSlots 1.2.3.4.5.6.7.8.9.10.0

4850.96.3.0.0.0.0 1 0 2 0 0
4851.96.3.0.0.0.0 1 0 2 0 0
4852.96.3.0.0.0.0 1 0 2 0 0
4853.96.3.0.0.0.0 1 0 2 0 0
4854.96.3.0.0.0.0 1 0 2 0 0
4855.96.3.0.0.0.0 1 0 2 0 0
4856.96.3.0.0.0.0 1 0 2 0 0
4857.96.3.0.0.0.0 1 0 2 0 0
4858.96.3.0.0.0.0 1 0 2 0 0
4859.96.3.0.0.0.0 1 0 2 0 0

[Caixa] 4

Status 1
SuperDrop 0
KeyId 3
ShowSlots 1.2.3.4.5.6.7.8.9.10.0

4850.96.3.0.0.0.0 1 0 2 0 0
4851.96.3.0.0.0.0 1 0 2 0 0
4852.96.3.0.0.0.0 1 0 2 0 0
4853.96.3.0.0.0.0 1 0 2 0 0
4854.96.3.0.0.0.0 1 0 2 0 0
4855.96.3.0.0.0.0 1 0 2 0 0
4856.96.3.0.0.0.0 1 0 2 0 0
4857.96.3.0.0.0.0 1 0 2 0 0
4858.96.3.0.0.0.0 1 0 2 0 0
4859.96.3.0.0.0.0 1 0 2 0 0

[Caixa] 5

Status 1
SuperDrop 0
KeyId 4
ShowSlots 1.2.3.4.5.6.7.8.9.10.0

4850.96.4.0.0.0.0 1 0 2 0 0
4851.96.4.0.0.0.0 1 0 2 0 0
4852.96.4.0.0.0.0 1 0 2 0 0
4853.96.4.0.0.0.0 1 0 2 0 0
4854.96.4.0.0.0.0 1 0 2 0 0
4855.96.4.0.0.0.0 1 0 2 0 0
4856.96.4.0.0.0.0 1 0 2 0 0
4857.96.4.0.0.0.0 1 0 2 0 0
4858.96.4.0.0.0.0 1 0 2 0 0
4859.96.4.0.0.0.0 1 0 2 0 0

[Caixa] 6

Status 1
SuperDrop 1
KeyId 5
ShowSlots 1.2.3.4.5.6.7.8.9.10.11

4321.96.1.0.0.0.0 1 1 5 1 0
4315.96.1.0.0.0.0 1 1 5 1 0
4310.96.1.0.0.0.0 1 1 5 1 0
4316.96.1.0.0.0.0 1 1 5 1 0
4302.96.0.0.0.0.0 1 1 5 1 0
3980.106.90.0.0.0.0 1 1 5 1 0
3981.106.90.0.0.0.0 1 1 5 1 0
3982.106.90.0.0.0.0 1 1 5 1 0
4202.96.90.0.0.3.0 1 1 5 1 0
4159.96.90.0.0.3.0 1 1 5 1 0
4160.96.90.0.0.3.0 1 1 5 1 1
2279.106.90.0.0.0.0 1 1 5 1 1
4159.96.7.0.0.3.0 10 0 4 0 1
4161.96.7.0.0.3.0 10 1 4 0 1
4160.96.7.0.0.3.0 10 1 4 0 1
4191.96.7.0.0.3.0 10 1 4 0 1
4172.96.7.0.0.3.0 10 1 4 0 1
4202.96.7.0.0.3.0 10 1 4 0 1
4159.96.3.0.0.3.0 20 0 3 0 1
4161.96.3.0.0.3.0 20 0 3 0 1
4160.96.3.0.0.3.0 20 0 3 0 1
4191.96.3.0.0.3.0 20 0 3 0 1
4172.96.3.0.0.3.0 20 0 3 0 1
4202.96.3.0.0.3.0 20 0 3 0 1
3981.96.3.0.0.3.0 20 0 3 0 1
3982.96.3.0.0.3.0 20 0 3 0 1
3990.96.3.0.0.3.0 20 0 3 0 1
2279.106.3.0.0.0.0 20 0 3 0 1
4159.96.3.0.0.2.0 30 0 2 0 1
4160.96.3.0.0.2.0 30 0 2 0 1
4161.96.3.0.0.2.0 30 0 2 0 1
4162.96.3.0.0.2.0 30 0 2 0 1
4159.96.3.0.0.0.0 30 0 1 0 1
4161.96.3.0.0.0.0 30 0 1 0 1
4160.96.3.0.0.0.0 30 0 1 0 1
4191.96.3.0.0.0.0 30 0 1 0 1
4162.96.3.0.0.0.0 30 0 1 0 1
4202.96.3.0.0.0.0 30 0 1 0 1

[Caixa] 7

Status 1
SuperDrop 1
KeyId 6
ShowSlots 1.2.3.4.5.6.7.8.-1.-2.-3

3394.61.50.0.0.0.0 400 0 2 1 0
2328.0.0.0.0.0.0 50 1 3 1 0
2327.0.0.0.0.0.0 50 1 3 1 0
5380.96.10.0.0.0.0 50 1 4 1 0
5380.96.6.0.0.0.0 1 1 5 1 0
2329.0.0.0.0.0.0 1 1 5 1 0
2319.0.0.0.0.0.0 1 1 5 1 0
4528.0.0.0.0.0.0 4 1 5 1 0
4529.0.0.0.0.0.0 4 1 5 1 0
5381.96.3.0.0.0.0 50 1 3 1 0
5381.96.2.0.0.0.0 500 1 3 0 0
2418.61.3.0.0.0.0 300 1 2 1 0
4600.61.30.0.0.0.0 300 1 2 0 0
2417.61.3.0.0.0.0 300 1 2 1 0
5380.96.18.0.0.0.0 30 1 4 1 0
5380.96.19.0.0.0.0 30 1 4 1 0
5380.96.20.0.0.0.0 30 1 4 1 0
5380.96.21.0.0.0.0 20 1 4 1 0
5380.96.22.0.0.0.0 20 1 4 1 0
5380.96.23.0.0.0.0 20 1 4 1 0
3394.0.0.0.0.0.0 2100 0 1 0 1
3394.0.0.0.0.0.0 1900 0 1 0 1
3394.61.3.0.0.0.0 1500 0 2 0 0
3394.61.5.0.0.0.0 1000 0 3 0 0
5381.96.6.0.0.0.0 1900 0 1 0 1
5382.96.6.0.0.0.0 700 0 3 1 0
5381.96.6.61.10.0.0 100 0 3 0 0

[Caixa] 8

Status 1
SuperDrop 1
KeyId 7
ShowSlots 1.2.3.4.5.6.7.8.9.-1.-2

4305.96.1.0.0.0.0 1 1 5 1 0
4319.96.0.0.0.0.0 1 1 5 1 0
3983.106.90.0.0.0.0 1 1 5 1 0
2285.106.90.0.0.4.0 1 1 5 1 0
2286.106.90.0.0.0.0 1 1 5 1 0
4183.96.90.0.0.4.0 1 1 5 1 0
4182.96.90.0.0.4.0 1 1 5 1 0
4189.96.90.0.0.4.0 1 1 5 1 1
4180.96.90.0.0.4.0 1 1 5 1 1
3983.106.7.0.0.0.0 20 0 4 0 1
2285.106.7.0.0.0.0 5 0 4 0 1
2286.106.7.0.0.0.0 5 0 4 0 1
4183.96.7.0.0.3.0 20 0 4 0 1
4182.96.7.0.0.3.0 20 0 4 0 1
4189.96.7.0.0.3.0 20 0 4 0 1
4180.96.7.0.0.3.0 20 0 4 0 1
3983.106.3.0.0.2.0 30 0 3 0 1
2285.106.3.0.0.2.0 10 0 3 0 1
2286.106.3.0.0.2.0 10 0 3 0 1
4183.96.3.0.0.2.0 30 0 3 0 1
4182.96.3.0.0.2.0 30 0 3 0 1
4189.96.3.0.0.2.0 30 0 3 0 1
4180.96.7.0.0.1.0 30 0 1 0 1
4183.96.7.0.0.1.0 30 0 1 0 1
4182.96.7.0.0.1.0 30 0 1 0 1
4180.96.3.0.0.0.0 30 0 1 0 1
4189.96.3.0.0.0.0 30 0 1 0 1
4180.96.3.0.0.0.0 30 0 1 0 1

[Caixa] 9

Status 1
SuperDrop 1
KeyId 8
ShowSlots 1.2.3.4.5.6.7.8.9.10.-1

4300.96.0.0.0.0.0 1 1 5 1 0
3992.106.90.0.0.0.0 1 1 5 1 0
4196.96.90.0.0.4.0 1 1 5 1 0
4197.96.90.0.0.4.0 1 1 5 1 0
4155.96.90.0.0.3.0 1 1 5 1 0
4156.96.90.0.0.3.0 1 1 5 1 0
4163.96.90.0.0.3.0 1 1 5 1 0
4164.96.90.0.0.3.0 1 1 5 1 0
4167.96.90.0.0.3.0 1 1 5 1 0
4198.96.90.0.0.3.0 1 1 5 1 1
3992.106.7.0.0.0.0 20 0 4 0 1
4196.96.7.0.0.3.0 5 0 4 0 1
4197.96.7.0.0.3.0 5 0 4 0 1
4163.96.7.0.0.3.0 20 0 4 0 1
4164.96.7.0.0.3.0 20 0 4 0 1
4167.96.7.0.0.3.0 20 0 4 0 1
4163.96.3.0.0.2.0 30 0 3 0 1
4164.96.3.0.0.2.0 30 0 3 0 1
4167.96.3.0.0.2.0 30 0 3 0 1
4198.96.3.0.0.2.0 30 0 3 0 1
4163.96.3.0.0.2.0 30 0 3 0 1
4164.96.3.0.0.2.0 30 0 3 0 1
4167.96.7.0.0.1.0 30 0 1 0 1
4198.96.7.0.0.1.0 30 0 1 0 1
4163.96.3.0.0.1.0 30 0 1 0 1
4164.96.3.0.0.1.0 30 0 1 0 1
4167.96.3.0.0.1.0 30 0 1 0 1
4198.96.3.0.0.1.0 30 0 1 0 1

[Caixa] 10

Status 1
SuperDrop 0
KeyId 9
ShowSlots 1.2.3.4.5.6.0.0.0.0.0

4161.96.3.0.0.0.0 1 0 2 0 0
4161.96.3.0.0.0.0 1 0 2 0 0
4161.96.3.0.0.0.0 1 0 2 0 0
4161.96.3.0.0.0.0 1 0 2 0 0
4161.96.3.0.0.0.0 1 0 2 0 0
4161.96.3.0.0.0.0 1 0 2 0 0

[Caixa] 11

Status 1
SuperDrop 0
ShowSlots 1.2.3.4.5.6.7.8.9.0.0

2406.61.3.0.0.0.0 1 0 2 0 0
2405.61.3.0.0.0.0 1 0 2 0 0
2400.61.3.0.0.0.0 1 0 2 0 0
2406.61.5.0.0.0.0 1 0 2 0 0
2405.61.5.0.0.0.0 1 0 2 0 0
2400.61.5.0.0.0.0 1 0 2 0 0
2406.61.10.0.0.0.0 1 0 2 0 0
2405.61.10.0.0.0.0 1 0 2 0 0
2400.61.10.0.0.0.0 1 0 2 0 0

[Caixa] 12

Status 1
SuperDrop 0
ShowSlots 1.2.3.4.5.6.7.8.9.0.0

2411.61.3.0.0.0.0 1 0 2 0 0
2412.61.3.0.0.0.0 1 0 2 0 0
2413.61.3.0.0.0.0 1 0 2 0 0
2411.61.5.0.0.0.0 1 0 2 0 0
2412.61.5.0.0.0.0 1 0 2 0 0
2413.61.5.0.0.0.0 1 0 2 0 0
2411.61.10.0.0.0.0 1 0 2 0 0
2412.61.10.0.0.0.0 1 0 2 0 0
2413.61.10.0.0.0.0 1 0 2 0 0