# EVOLUÇÃO, LEVEL, CLASSE, TYPE, ITEM
# TYPE = -1 -> ENTREGA O ITEM INDEPENDENTE DA CLASSE
# TYPE = 0 -> ENTREGA O ITEM INDEPENDENTE DOS PONTOS
# TYPE = 1 -> TEM MAIS PONTOS EM STR
# TYPE = 2 -> TEM MAIS PONTOS EM INT
# TYPE = 3 -> TEM MAIS PONTOS EM DEX
# CLASSES: 0=TK, 1=FM, 2=BM, 3=HT

# SEQUENCIA, LEVEL, CLASSE, TYPE, ITEM

#EVOLUÇÃO LEVEL CLASSE TYPE ITEM

#GLOBAL PREMIO - Ovo do Iniciante
0 35  0   -1  413 61 10

#TK DN SET MALHA
0  29  0    1  1147 43 2 2 20
0  34  0    1  1159 43 3 73 18 74 12
0  39  0    1  1111 43 4 4 20 0 0
0  44  0    1  1135 43 5 2 20 3 20
0  49  0    1  1123 43 6 2 20 3 20

#TK MAGO SET MALHA
0  29  0    2  1147 43 0 60 6 53 3
0  34  0    2  1159 43 0 60 6 74 12
0  39  0    2  1111 43 0 4 20 0 0
0  44  0    2  1135 43 0 60 6 3 20
0  49  0    2  1123 43 0 60 6 3 20


#TK DN SET DOURADO
0 84  0    1  1186 43 0 2 20 53 3
0 89  0    1  1189 43 0 73 18 74 12
0 94  0    1  1177 43 0 4 20 0 0
0 99  0    1  1183 43 0 2 20 3 20
0 104  0    1  1180 43 0 2 20 3 20

#TK MAGO SET DOURADO
0 84  0    2  1186 43 0 60 6 53 3
0 89  0    2  1189 43 0 60 6 74 12
0 94  0    2  1177 43 0 4 20 0 0
0 99  0    2  1183 43 0 60 6 3 20
0 104  0    2  1180 43 0 60 6 3 20


#TK DN SET ANÃ
0 119  0    1  1201 43 0 2 20 53 3
0 124  0    1  1204 43 0 73 18 74 12
0 129  0    1  1192 43 0 4 20 0 0
0 134  0    1  1198 43 0 2 20 3 20
0 139  0    1  1195 43 0 2 20 3 20

#TK DN SET ANÃ
0 119  0    2  1201 43 0 60 6 53 3
0 124  0    2  1204 43 0 60 6 74 12
0 129  0    2  1192 43 0 4 20 0 0
0 134  0    2  1198 43 0 60 6 3 20
0 139  0    2  1195 43 0 60 6 3 20


#GLOBAL PREMIO - CAVALO FANTASMA
0 149  0   -1  2367 100 100 5 5 100 0


#ARMA TK DANO NO LEVEL 155
0 154  0   1  910 43 6 2 36 0 0

#ARMA TK MAG NO LEVEL 155
0 154  0   2  854 43 6 60 16 0 0

#TK DN SET EMBUTIDO
0 159  0    1  1216 43 0 2 20 53 3
0 169  0    1  1219 43 0 73 18 74 12
0 179  0    1  1207 43 0 4 20 0 0
0 189  0    1  1213 43 0 2 20 3 20
0 199  0    1  1210 43 0 2 20 3 20

#TK MAGO SET EMBUTIDO
0 159  0    2  1216 43 0 60 6 53 3
0 169  0    2  1219 43 0 60 6 74 12
0 179  0    2  1207 43 0 4 20 0 0
0 189  0    2  1213 43 0 60 6 3 20
0 199  0    2  1210 43 0 60 6 3 20


#ARMA TK DANO NO LEVEL 255
0 254  0   1  3596 43 6 2 36 0 0
#ARMA TK MAG NO LEVEL 255
0 254  0   2  3566 43 6 60 16 0 0
#ARMA TK DEX NO LVL 255
0 254  0   3  3551 43 6 2 36 0 0
0 254  0   3  3551 43 6 2 36 0 0



#ID LEVEL CLASSE TYPE ITEM
#FM DN SET SOMBRIO
0  29  1    1  1297 43 0 2 20 53 3
0  34  1    1  1309 43 0 73 18 74 12
0  39  1    1  1261 43 0 4 20 0 0
0  44  1    1  1285 43 0 2 20 3 20
0  49  1    1  1273 43 0 2 20 3 20

#FM MAG SET SOMBRIO
0  29  1    2  1297 43 0 60 6 53 3
0  34  1    2  1309 43 0 60 6 74 12
0  39  1    2  1261 43 0 4 20 0 0
0  44  1    2  1285 43 0 60 6 3 20
0  49  1    2  1273 43 0 60 6 3 20

#FM DN SET CONCHA
0 84  1    1  1321 43 0 2 20 53 3
0 89  1    1  1324 43 0 73 18 74 12
0 94  1    1  1312 43 0 4 20 0 0
0 99  1    1  1318 43 0 2 20 3 20
0 104  1    1  1315 43 0 2 20 3 20

#FM MAG SET CONCHA
0 84  1    2  1321 43 0 60 6 53 3
0 89  1    2  1324 43 0 60 6 74 12
0 94  1    2  1312 43 0 4 20 0 0
0 99  1    2  1318 43 0 60 6 3 20
0 104  1    2  1315 43 0 60 6 3 20

#FM DN SET CONJURADORA
0 119  1    1  1336 43 0 2 20 53 3
0 124  1    1  1339 43 0 73 18 74 12
0 129  1    1  1327 43 0 4 20 0 0
0 134  1    1  1333 43 0 2 20 3 20
0 139  1    1  1330 43 0 2 20 3 20

#FM MAG SET CONJURADORA
0 119  1    2  1336 43 0 60 6 53 3
0 124  1    2  1339 43 0 60 6 74 12
0 129  1    2  1327 43 0 4 20 0 0
0 134  1    2  1333 43 0 60 6 3 20
0 139  1    2  1330 43 0 60 6 3 20

#ARMA FM DANO NO LEVEL 155
0 154  1   1  824 43 6 2 36 0 0
#ARMA FM MAG NO LEVEL 155
0 154  1   2  899 43 6 60 16 0 0

#FM DN SET MYTRIL
0 159  1    1  1351 43 0 2 20 53 3
0 169  1    1  1354 43 0 73 18 74 12
0 179  1    1  1342 43 0 4 20 0 0
0 189  1    1  1348 43 0 2 20 3 20
0 199  1    1  1345 43 0 2 20 3 20

#FM MAG SET MYTRIL
0 159  1    2  1351 43 0 60 6 53 3
0 169  1    2  1354 43 0 60 6 74 12
0 179  1    2  1342 43 0 4 20 0 0
0 189  1    2  1348 43 0 60 6 3 20
0 199  1    2  1345 43 0 60 6 3 20


#ARMA FM DANO NO LEVEL 255
0 254  1   1  3556 43 6 2 36 0 0
#ARMA FM MAG NO LEVEL 255
0 254  1   2  3582 43 6 60 16 0 0
#ARMA FM DEX NO LVL 255
0 254  1   3  3551 43 6 2 36 0 0
0 254  1   3  3551 43 6 2 36 0 0



#ID LEVEL CLASSE TYPE ITEM
#BM DN SET AGUIA
0  29  2    1  1456 43 0 2 20 53 3
0  34  2    1  1459 43 0 73 18 74 12
0  39  2    1  1447 43 0 4 20 0 0
0  44  2    1  1453 43 0 2 20 3 20
0  49  2    1  1450 43 0 2 20 3 20

#BM MAG SET AGUIA
0  29  2	  2  1456 43 0 60 6 53 3
0  34  2    2  1459 43 0 60 6 74 12
0  39  2    2  1447 43 0 4 20 0 0
0  44  2    2  1453 43 0 60 6 3 20
0  49  2    2  1450 43 0 60 6 3 20

#BM DN SET OSSO
0 84  2    1  1471 43 0 2 20 53 3
0 89  2    1  1474 43 0 73 18 74 12
0 94  2    1  1462 43 0 4 20 0 0
0 99  2    1  1468 43 0 2 20 3 20
0 104  2    1  1465 43 0 2 20 3 20

#BM MAG SET OSSO
0 84  2    2  1471 43 0 60 6 53 3
0 89  2    2  1474 43 0 60 6 74 12
0 94  2    2  1462 43 0 4 20 0 0
0 99  2    2  1468 43 0 60 6 3 20
0 104  2    2  1465 43 0 60 6 3 20

#BM DN SET AEON
0 119  2    1  1486 43 0 2 20 53 3
0 124  2    1  1489 43 0 73 18 74 12
0 129  2    1  1477 43 0 4 20 0 0
0 134  2    1  1483 43 0 2 20 3 20
0 139  2    1  1480 43 0 2 20 3 20

#BM MAG SET AEON
0 119  2    2  1486 43 0 60 6 53 3
0 124  2    2  1489 43 0 60 6 74 12
0 129  2    2  1477 43 0 4 20 0 0
0 134  2    2  1483 43 0 60 6 3 20
0 139  2    2  1480 43 0 60 6 3 20

#ARMA BM DANO NO LEVEL 155
0 154  2   1  884 43 6 2 36 0 0
#ARMA BM MAG NO LEVEL 155
0 154  2   2  854 43 6 60 16 0 0

#BM DN SET ELEMENTAL
0 159  2    1  1501 43 0 2 20 53 3
0 169  2    1  1504 43 0 73 18 74 12
0 179  2    1  1492 43 0 4 20 0 0
0 189  2    1  1498 43 0 2 20 3 20
0 199  2    1  1495 43 0 2 20 3 20

#BM MAG SET ELEMENTAL
0 159  2    2  1501 43 0 60 6 53 3
0 169  2    2  1504 43 0 60 6 74 12
0 179  2    2  1492 43 0 4 20 0 0
0 189  2    2  1498 43 0 60 6 3 20
0 199  2    2  1495 43 0 60 6 3 20


#ARMA BM DANO NO LEVEL 255
0 254  2   1  3551 43 6 2 36 0 0
#ARMA BM MAG NO LEVEL 255
0 254  2   2  3566 43 6 60 16 0 0
#ARMA FM DEX NO LVL 255
0 254  2   3  3551 43 6 2 36 0 0

#ID LEVEL CLASSE TYPE ITEM
#HT DN SET METAL
0  29  3    0  1606 43 0 2 20 53 3
0  34  3    0  1609 43 0 73 18 74 12
0  39  3    0  1597 43 0 4 20 0 0
0  44  3    0  1603 43 0 2 20 3 20
0  49  3    0  1600 43 0 2 20 3 20

#HT DN SET COMBATE
0 84  3    0  1621 43 0 2 20 53 3
0 89  3    0  1624 43 0 73 18 74 12
0 94  3    0  1612 43 0 4 20 0 0
0 99  3    0  1618 43 0 2 20 3 20
0 104  3    0  1615 43 0 2 20 3 20

#HT DN SET NATUREZA
0 119  3    0  1636 43 0 2 20 53 3
0 124  3    0  1639 43 0 73 18 74 12
0 129  3    0  1627 43 0 4 20 0 0
0 134  3    0  1633 43 0 2 20 3 20
0 139  3    0  1630 43 0 2 20 3 20

#ARMA HT DANO NO LEVEL 155
0 154  3   1  824 43 6 2 36 0 0
#ARMA HT MAG NO LEVEL 155
0 154  3   3  839 43 6 2 36 0 0

#HT DN SET TEIA
0 159  3    0  1651 43 0 2 20 53 3
0 169  3    0  1654 43 0 73 18 74 12
0 179  3    0  1642 43 0 4 20 0 0
0 189  3    0  1648 43 0 2 20 3 20
0 199  3    0  1645 43 0 2 20 3 20

#ARMA HT DANO NO LEVEL 255
0 254  3   0  3556 43 6 2 36 0 0




# ----------------------------------------ARCH----------------------------------------
# EVOLUÇÃO, LEVEL, CLASSE, TYPE, ITEM
# TYPE = -1 -> ENTREGA O ITEM INDEPENDENTE DA CLASSE
# TYPE = 0 -> ENTREGA O ITEM INDEPENDENTE DOS PONTOS
# TYPE = 1 -> TEM MAIS PONTOS EM STR
# TYPE = 2 -> TEM MAIS PONTOS EM INT
# TYPE = 3 -> TEM MAIS PONTOS EM DEX
# CLASSES: 0=TK, 1=FM, 2=BM, 3=HT

# SEQUENCIA, LEVEL, CLASSE, TYPE, ITEM

#EVOLUÇÃO LEVEL CLASSE TYPE ITEM

#TK ARCH


#FM ARCH


#BM ARCH


#HT ARCH


#GLOBAL PREMIO - Ovo do Intermediário
1 99  0   -1  4150 96 3